param	a	b	c	d	e
theta	1.715359	0.62246212	-0.92557761	-1.16996966	-0.30631491
iota	6.597788	-0.42450044	-12.13339427	-10.73509484	-2.51487077
kappa	10.08855	-7.11727086	-31.67119479	-24.24848322	-5.33608972
lambda	1.012495	0.3269969	-0.00923418	-0.03876858	-0.0041275
mu	0.07490166	0.02410413	0.07233664	0.03040467	0.00197741
nu	0.01077422	0	0	0	0
csi	3.082234	0.9447205	-2.15200882	-2.49219496	-0.63848738
omicron	17.84778	-7.4534569	-48.96066856	-40.05386135	-9.09331816
one 1 1 1 1 1
pi	0.00022582	-0.00186899	0.00388783	0.00142402	-0.00007671
